3 18
1050 0 480 0 1050 270 0 0 1
0.000000 0.000000 1.500000
0.000000 0.000000 1.500000
0.000000 0.000000 1.500000
0.000000 0.000000 1.500000
0.000000 0.000000 1.500000
0.000000 0.000000 1.500000
0.000000 0.000000 1.500000
0.000000 0.000000 1.500000
0.000000 0.000000 1.500000
0.000000 0.000000 1.500000
0.000000 0.000000 1.500000
0.000000 0.000000 1.500000
0.000000 0.000000 1.500000
0.000000 0.000000 1.500000
0.000000 0.000000 1.500000
0.000000 0.000000 1.500000
0.000000 0.000000 1.500000
0.000000 0.000000 1.500000
1 0 0 0 1 0 0 0 1
0.939692620785908  -0.116977778440511  0.321393804843270 0.116977778440511  0.992945376755966  0.0193824180657428 -0.321393804843270  0.0193824180657428  0.946747244029942
0.939692620785908  0.116977778440511  -0.321393804843270 -0.116977778440511  0.992945376755966  0.0193824180657428 0.321393804843270  0.0193824180657428  0.946747244029942
0 0 0
-0.482090707264905 -0.0290736270986142 0.0798791339550865
0.482090707264905 -0.0290736270986142 0.0798791339550865
671 357
261 359
208 384
214 340
298 341
319 383
613 381
636 339
709 333
724 374
771 363
770 275
706 263
629 223
439 218
344 278
199 298
174 380
686 327
301 386
242 426
255 377
346 366
363 405
637 357
656 321
720 305
728 343
764 322
759 226
707 236
635 203
469 221
384 294
235 336
208 428
631 382
253 326
210 343
212 306
274 303
302 356
570 401
577 363
664 363
683 415
739 406
735 308
681 285
599 234
421 215
327 262
208 266
188 333
