3 18
1050 0 480 0 1050 270 0 0 1
0.217300 0.098896 1.366257
-0.306068 0.101120 1.379287
-0.371158 0.106172 1.387123
-0.361748 0.061428 1.356712
-0.256516 0.062351 1.346406
-0.233344 0.109620 1.391676
0.148406 0.111252 1.391275
0.153138 0.068310 1.374466
0.287641 0.067224 1.379176
0.289875 0.102698 1.376938
0.455999 0.092427 1.379912
0.449383 0.031050 1.359799
0.236507 0.002667 1.364486
0.189378 -0.056079 1.390360
-0.073633 -0.053193 1.356612
-0.137657 0.013041 1.351511
-0.417790 0.034857 1.350283
-0.437756 0.103723 1.392798
1 0 0 0 1 0 0 0 1
0.939692620785908  -0.116977778440511  0.321393804843270 0.116977778440511  0.992945376755966  0.0193824180657428 -0.321393804843270  0.0193824180657428  0.946747244029942
0.939692620785908  0.116977778440511  -0.321393804843270 -0.116977778440511  0.992945376755966  0.0193824180657428 0.321393804843270  0.0193824180657428  0.946747244029942
0 0 0
-0.482090707264905 -0.0290736270986142 0.0798791339550865
0.482090707264905 -0.0290736270986142 0.0798791339550865
647 346
247 347
199 351
200 318
280 318
304 352
592 354
597 322
699 321
701 349
827 340
827 294
662 272
623 228
423 229
373 281
155 299
150 348
668 321
287 379
233 390
239 354
328 344
344 377
616 336
621 305
705 292
710 316
807 295
807 253
673 250
629 212
457 233
416 290
188 337
176 397
605 369
239 315
204 311
203 282
265 289
289 326
553 367
563 338
656 349
662 380
801 392
802 340
623 293
593 242
402 223
350 266
172 259
168 303
