3 18
1050 0 480 0 1050 270 0 0 1
0.000000 0.000000 1.500000
0.000000 0.000000 1.500000
0.000000 0.000000 1.500000
0.000000 0.000000 1.500000
0.000000 0.000000 1.500000
0.000000 0.000000 1.500000
0.000000 0.000000 1.500000
0.000000 0.000000 1.500000
0.000000 0.000000 1.500000
0.000000 0.000000 1.500000
0.000000 0.000000 1.500000
0.000000 0.000000 1.500000
0.000000 0.000000 1.500000
0.000000 0.000000 1.500000
0.000000 0.000000 1.500000
0.000000 0.000000 1.500000
0.000000 0.000000 1.500000
0.000000 0.000000 1.500000
1 0 0 0 1 0 0 0 1
0.939692620785908  -0.116977778440511  0.321393804843270 0.116977778440511  0.992945376755966  0.0193824180657428 -0.321393804843270  0.0193824180657428  0.946747244029942
0.939692620785908  0.116977778440511  -0.321393804843270 -0.116977778440511  0.992945376755966  0.0193824180657428 0.321393804843270  0.0193824180657428  0.946747244029942
0 0 0
-0.482090707264905 -0.0290736270986142 0.0798791339550865
0.482090707264905 -0.0290736270986142 0.0798791339550865
698 357
239 356
181 350
192 311
285 305
310 345
630 355
655 311
746 311
763 352
791 354
783 282
748 282
730 204
495 203
462 250
247 256
160 355
708 325
280 392
211 390
213 342
325 328
343 370
649 334
663 293
748 284
763 314
770 311
763 263
740 265
720 181
519 204
492 257
258 284
188 420
657 386
232 321
191 312
202 284
274 284
293 319
587 373
611 336
714 347
732 391
766 399
771 319
722 318
703 231
472 205
446 248
265 229
178 324
