3 18
1050 0 480 0 1050 270 0 0 1
0.000000 0.000000 1.500000
0.000000 0.000000 1.500000
0.000000 0.000000 1.500000
0.000000 0.000000 1.500000
0.000000 0.000000 1.500000
0.000000 0.000000 1.500000
0.000000 0.000000 1.500000
0.000000 0.000000 1.500000
0.000000 0.000000 1.500000
0.000000 0.000000 1.500000
0.000000 0.000000 1.500000
0.000000 0.000000 1.500000
0.000000 0.000000 1.500000
0.000000 0.000000 1.500000
0.000000 0.000000 1.500000
0.000000 0.000000 1.500000
0.000000 0.000000 1.500000
0.000000 0.000000 1.500000
1 0 0 0 1 0 0 0 1
0.939692620785908  -0.116977778440511  0.321393804843270 0.116977778440511  0.992945376755966  0.0193824180657428 -0.321393804843270  0.0193824180657428  0.946747244029942
0.939692620785908  0.116977778440511  -0.321393804843270 -0.116977778440511  0.992945376755966  0.0193824180657428 0.321393804843270  0.0193824180657428  0.946747244029942
0 0 0
-0.482090707264905 -0.0290736270986142 0.0798791339550865
0.482090707264905 -0.0290736270986142 0.0798791339550865
658 367
279 366
217 371
227 337
328 339
344 379
595 376
613 336
703 328
718 363
785 348
783 256
721 260
631 208
438 213
343 278
196 307
188 368
678 341
324 395
258 407
267 374
379 361
390 392
628 354
645 313
715 299
725 326
765 309
764 221
712 225
636 190
470 216
386 289
219 343
229 412
610 391
262 337
214 331
221 304
302 317
321 354
551 389
558 355
658 362
674 395
760 390
758 292
676 281
592 216
417 208
321 258
202 272
198 325
