3 18
1050 0 480 0 1050 270 0 0 1
0.258342 0.121774 1.376882
-0.270411 0.122360 1.371286
-0.345105 0.155613 1.382991
-0.323879 0.079092 1.354755
-0.207281 0.077532 1.341773
-0.185981 0.144537 1.384474
0.174473 0.142547 1.377915
0.205245 0.073615 1.355405
0.306012 0.075766 1.355631
0.335400 0.151238 1.381457
0.388417 0.134777 1.392165
0.404025 -0.008635 1.377463
0.311724 -0.018818 1.357965
0.187573 -0.084313 1.367853
-0.053037 -0.076657 1.357059
-0.182003 0.012140 1.355089
-0.377624 0.041139 1.362330
-0.397597 0.136885 1.386720
1 0 0 0 1 0 0 0 1
0.939692620785908  -0.116977778440511  0.321393804843270 0.116977778440511  0.992945376755966  0.0193824180657428 -0.321393804843270  0.0193824180657428  0.946747244029942
0.939692620785908  0.116977778440511  -0.321393804843270 -0.116977778440511  0.992945376755966  0.0193824180657428 0.321393804843270  0.0193824180657428  0.946747244029942
0 0 0
-0.482090707264905 -0.0290736270986142 0.0798791339550865
0.482090707264905 -0.0290736270986142 0.0798791339550865
677 363
273 363
218 388
229 331
318 328
339 379
613 378
639 327
717 329
735 384
773 371
788 263
721 256
624 205
439 210
339 279
189 301
179 373
692 333
319 393
260 428
273 365
370 353
385 399
640 357
662 304
726 296
740 347
766 330
770 230
721 228
633 191
470 214
381 295
223 340
214 420
629 390
259 334
214 348
224 295
296 304
315 356
569 397
590 348
671 359
692 424
740 417
765 302
691 282
594 218
415 208
317 259
196 268
192 333
