3 18
1050 0 480 0 1050 270 0 0 1
0.253398 0.118161 1.378588
-0.264505 0.120618 1.374841
-0.336198 0.144973 1.395244
-0.313944 0.080905 1.340624
-0.212799 0.080943 1.362808
-0.189381 0.144576 1.380958
0.183750 0.147360 1.387668
0.199289 0.077940 1.323222
0.299625 0.076014 1.355630
0.326679 0.137628 1.382912
0.401307 0.122519 1.418989
0.408116 -0.014897 1.382012
0.332609 -0.021223 1.380660
0.216397 -0.078995 1.376977
-0.062102 -0.075278 1.358738
-0.193251 0.007001 1.353075
-0.375357 0.043794 1.377934
-0.397789 0.126777 1.400807
1 0 0 0 1 0 0 0 1
0.939692620785908  -0.116977778440511  0.321393804843270 0.116977778440511  0.992945376755966  0.0193824180657428 -0.321393804843270  0.0193824180657428  0.946747244029942
0.939692620785908  0.116977778440511  -0.321393804843270 -0.116977778440511  0.992945376755966  0.0193824180657428 0.321393804843270  0.0193824180657428  0.946747244029942
0 0 0
-0.482090707264905 -0.0290736270986142 0.0798791339550865
0.482090707264905 -0.0290736270986142 0.0798791339550865
673 360
278 362
227 379
234 335
316 333
336 380
619 382
638 334
712 330
728 375
777 360
790 260
733 253
645 210
432 212
330 276
194 303
182 363
688 331
323 390
265 417
283 364
362 352
383 399
643 358
670 306
722 296
733 337
762 320
770 224
725 227
649 193
463 215
372 291
224 341
212 412
631 386
263 333
223 340
227 301
293 310
311 356
570 400
590 354
668 362
688 413
747 405
777 297
701 282
612 224
410 206
311 256
204 266
200 322
