3 18
1050 0 480 0 1050 270 0 0 1
0.243679 0.122980 1.368449
-0.282917 0.121204 1.362472
-0.359616 0.146129 1.383168
-0.333234 0.074399 1.361313
-0.237569 0.075571 1.355944
-0.211382 0.148968 1.378233
0.167510 0.144350 1.373581
0.187562 0.080362 1.338029
0.291513 0.075817 1.365793
0.314600 0.134289 1.376152
0.416076 0.121480 1.433089
0.410593 -0.025966 1.386086
0.316629 -0.020235 1.368302
0.206930 -0.072553 1.375443
-0.051453 -0.072330 1.351008
-0.168789 0.006642 1.353421
-0.406275 0.031680 1.403343
-0.415755 0.134567 1.426966
1 0 0 0 1 0 0 0 1
0.939692620785908  -0.116977778440511  0.321393804843270 0.116977778440511  0.992945376755966  0.0193824180657428 -0.321393804843270  0.0193824180657428  0.946747244029942
0.939692620785908  0.116977778440511  -0.321393804843270 -0.116977778440511  0.992945376755966  0.0193824180657428 0.321393804843270  0.0193824180657428  0.946747244029942
0 0 0
-0.482090707264905 -0.0290736270986142 0.0798791339550865
0.482090707264905 -0.0290736270986142 0.0798791339550865
667 364
262 363
207 381
223 327
296 329
319 383
608 381
627 336
704 330
720 373
785 357
791 251
723 254
638 214
440 214
349 276
176 294
174 370
686 336
310 394
247 422
264 362
343 351
367 406
637 358
657 308
713 296
728 336
765 319
769 217
720 228
644 199
473 216
391 288
195 333
196 415
617 389
247 332
206 339
214 293
278 302
297 357
562 398
577 351
657 357
678 408
763 402
768 294
689 281
607 230
401 216
326 258
201 264
191 329
