3 18
1050 0 480 0 1050 270 0 0 1
0.253521 0.122946 1.358172
-0.261934 0.121635 1.355219
-0.339270 0.149509 1.375358
-0.315430 0.071392 1.340529
-0.203440 0.075610 1.334787
-0.180092 0.151687 1.379920
0.174722 0.151822 1.368678
0.206398 0.074767 1.346829
0.305647 0.072369 1.331680
0.333571 0.137705 1.368041
0.406210 0.125600 1.437877
0.387950 -0.003634 1.392877
0.288316 -0.019049 1.369620
0.220519 -0.068070 1.378743
0.040974 -0.056313 1.344506
-0.065356 0.004694 1.346099
-0.385464 0.032497 1.381450
-0.384111 0.132622 1.338304
1 0 0 0 1 0 0 0 1
0.939692620785908  -0.116977778440511  0.321393804843270 0.116977778440511  0.992945376755966  0.0193824180657428 -0.321393804843270  0.0193824180657428  0.946747244029942
0.939692620785908  0.116977778440511  -0.321393804843270 -0.116977778440511  0.992945376755966  0.0193824180657428 0.321393804843270  0.0193824180657428  0.946747244029942
0 0 0
-0.482090707264905 -0.0290736270986142 0.0798791339550865
0.482090707264905 -0.0290736270986142 0.0798791339550865
676 365
277 365
221 384
233 325
320 329
343 385
614 387
641 327
721 327
736 376
777 357
772 278
701 256
648 217
512 226
429 274
187 295
179 370
696 335
328 391
265 423
281 359
374 349
391 404
644 363
666 306
735 294
743 337
758 325
754 225
702 230
652 202
543 221
471 277
214 332
229 423
626 392
259 333
215 344
219 297
293 306
316 361
563 405
577 353
672 360
694 413
745 401
727 314
669 278
620 233
477 225
399 267
202 259
196 334
