3 18
1050 0 480 0 1050 270 0 0 1
0.000000 0.000000 1.500000
0.000000 0.000000 1.500000
0.000000 0.000000 1.500000
0.000000 0.000000 1.500000
0.000000 0.000000 1.500000
0.000000 0.000000 1.500000
0.000000 0.000000 1.500000
0.000000 0.000000 1.500000
0.000000 0.000000 1.500000
0.000000 0.000000 1.500000
0.000000 0.000000 1.500000
0.000000 0.000000 1.500000
0.000000 0.000000 1.500000
0.000000 0.000000 1.500000
0.000000 0.000000 1.500000
0.000000 0.000000 1.500000
0.000000 0.000000 1.500000
0.000000 0.000000 1.500000
1 0 0 0 1 0 0 0 1
0.939692620785908  -0.116977778440511  0.321393804843270 0.116977778440511  0.992945376755966  0.0193824180657428 -0.321393804843270  0.0193824180657428  0.946747244029942
0.939692620785908  0.116977778440511  -0.321393804843270 -0.116977778440511  0.992945376755966  0.0193824180657428 0.321393804843270  0.0193824180657428  0.946747244029942
0 0 0
-0.482090707264905 -0.0290736270986142 0.0798791339550865
0.482090707264905 -0.0290736270986142 0.0798791339550865
686 377
287 374
225 387
236 340
341 345
352 388
625 386
639 341
734 340
748 375
771 368
784 309
764 258
710 210
448 216
353 278
204 304
212 384
703 341
342 404
274 426
284 376
395 365
403 406
655 361
673 313
744 302
751 335
764 326
768 274
766 231
700 186
478 219
393 295
248 341
252 422
637 406
270 343
217 345
217 306
303 315
320 364
575 403
593 362
684 369
705 417
735 411
738 359
732 297
680 233
419 208
323 259
211 269
208 340
