3 18
1050 0 480 0 1050 270 0 0 1
0.000000 0.000000 1.500000
0.000000 0.000000 1.500000
0.000000 0.000000 1.500000
0.000000 0.000000 1.500000
0.000000 0.000000 1.500000
0.000000 0.000000 1.500000
0.000000 0.000000 1.500000
0.000000 0.000000 1.500000
0.000000 0.000000 1.500000
0.000000 0.000000 1.500000
0.000000 0.000000 1.500000
0.000000 0.000000 1.500000
0.000000 0.000000 1.500000
0.000000 0.000000 1.500000
0.000000 0.000000 1.500000
0.000000 0.000000 1.500000
0.000000 0.000000 1.500000
0.000000 0.000000 1.500000
1 0 0 0 1 0 0 0 1
0.939692620785908  -0.116977778440511  0.321393804843270 0.116977778440511  0.992945376755966  0.0193824180657428 -0.321393804843270  0.0193824180657428  0.946747244029942
0.939692620785908  0.116977778440511  -0.321393804843270 -0.116977778440511  0.992945376755966  0.0193824180657428 0.321393804843270  0.0193824180657428  0.946747244029942
0 0 0
-0.482090707264905 -0.0290736270986142 0.0798791339550865
0.482090707264905 -0.0290736270986142 0.0798791339550865
667 376
276 376
207 382
218 328
306 327
339 384
603 382
615 349
729 342
735 375
770 367
767 320
764 270
733 203
429 203
353 267
202 304
195 377
688 348
325 404
247 428
259 367
355 347
382 405
629 362
638 328
737 307
741 338
764 327
762 282
758 228
724 175
461 205
400 283
236 340
234 422
623 401
259 343
209 342
211 297
286 297
315 360
560 400
564 364
681 375
692 410
729 409
728 366
724 287
701 226
407 197
333 254
212 265
202 336
