3 18
1050 0 480 0 1050 270 0 0 1
0.257239 0.106573 1.385525
-0.304207 0.109810 1.382576
-0.370753 0.108368 1.384497
-0.352760 0.054585 1.356681
-0.255368 0.053959 1.353812
-0.233177 0.108333 1.391254
0.179608 0.111611 1.385667
0.202380 0.049392 1.352612
0.311698 0.048014 1.369317
0.330730 0.107413 1.377982
0.441959 0.105291 1.406413
0.444783 0.023196 1.361324
0.244459 0.002663 1.350988
0.177516 -0.067584 1.370128
-0.098091 -0.067229 1.354352
-0.203210 0.004410 1.325022
-0.440535 0.030502 1.368122
-0.431441 0.107735 1.389474
1 0 0 0 1 0 0 0 1
0.939692620785908  -0.116977778440511  0.321393804843270 0.116977778440511  0.992945376755966  0.0193824180657428 -0.321393804843270  0.0193824180657428  0.946747244029942
0.939692620785908  0.116977778440511  -0.321393804843270 -0.116977778440511  0.992945376755966  0.0193824180657428 0.321393804843270  0.0193824180657428  0.946747244029942
0 0 0
-0.482090707264905 -0.0290736270986142 0.0798791339550865
0.482090707264905 -0.0290736270986142 0.0798791339550865
675 350
249 353
199 350
207 312
282 311
304 352
616 356
637 310
719 307
732 352
810 348
823 289
670 272
616 219
404 217
319 273
142 292
154 351
687 323
289 386
234 395
246 348
327 337
344 375
638 332
659 285
722 276
735 316
789 305
803 247
683 249
627 203
438 225
369 291
167 339
182 400
637 378
247 321
205 313
205 277
270 283
292 326
576 373
590 328
672 334
695 389
783 400
794 330
628 293
586 228
393 204
304 251
159 253
175 308
